⬇️###For Input-1 
#BT+Random
9 8 6 7 5 3 4 2 10 1
2 6 4 5 10 1 3 7 9 8
3 2 10 8 7 4 1 6 5 9
10 1 5 4 2 6 9 8 7 3
5 7 2 10 1 9 8 4 3 6
8 4 3 2 9 5 7 1 6 10
6 9 8 3 4 7 2 10 1 5
4 10 9 1 3 8 6 5 2 7
1 3 7 6 8 10 5 9 4 2
7 5 1 9 6 2 10 3 8 4
Backtracking Counted :  21712
Nodes : 43482
Time Taken 2.609520435333252

#BT+SDF
9 8 6 5 7 3 4 2 10 1
2 6 4 7 5 1 3 8 9 10
7 2 10 8 3 4 1 6 5 9
10 1 5 4 2 6 9 3 7 8
5 7 2 10 1 9 8 4 3 6
8 10 3 2 9 5 7 1 6 4
6 9 8 3 4 7 2 10 1 5
3 4 9 1 10 8 6 5 2 7
1 3 7 6 8 10 5 9 4 2
4 5 1 9 6 2 10 7 8 3
Backtracking counted :  42562
Nodes : 85181
Time Taken 2.5786447525024414

#BT+MaxDyanmicDegree
9 8 6 5 7 3 4 2 10 1
2 6 4 7 5 1 3 8 9 10
7 2 10 8 3 4 1 6 5 9
10 1 5 4 2 6 9 3 7 8
5 7 2 10 1 9 8 4 3 6
8 10 3 2 9 5 7 1 6 4
6 9 8 3 4 7 2 10 1 5
3 4 9 1 10 8 6 5 2 7
1 3 7 6 8 10 5 9 4 2
4 5 1 9 6 2 10 7 8 3
Backtracking counted for MaxDDegree :  242321
Nodes : 484699
Time Taken 5.551570892333984

#BT+DomDynamicDegree
5 9 6 7 8 3 4 2 10 1
2 6 4 10 5 1 3 7 9 8
7 2 10 8 3 4 1 6 5 9
10 1 5 4 2 6 9 8 7 3
3 10 7 5 1 9 8 4 2 6
8 7 3 2 9 5 10 1 6 4
6 8 9 1 4 7 2 10 3 5
9 4 2 3 10 8 6 5 1 7
1 3 8 6 7 10 5 9 4 2
4 5 1 9 6 2 7 3 8 10
Backtracking counted for DomDDeg :  25769
Nodes : 51595
Time Taken 2.1748650074005127


#BT+Brelaz
9 7 6 5 8 3 4 2 10 1
2 6 4 7 5 10 1 8 9 3
4 2 10 8 7 1 3 6 5 9
10 1 5 4 2 6 9 7 3 8
5 10 7 3 1 9 8 4 2 6
8 4 3 2 9 5 7 1 6 10
6 8 9 1 3 7 2 10 4 5
3 9 2 10 4 8 6 5 1 7
1 3 8 6 10 4 5 9 7 2
7 5 1 9 6 2 10 3 8 4
Backtracking counted for Brelaz :  107301
Nodes : 214659
Time Taken 3.2958333492279053

⬇️###For Input-2

#BT+Random
1 7 8 10 5 9 2 6 4 3
9 5 1 2 8 3 6 4 10 7
4 3 7 5 9 1 10 8 2 6
6 10 3 8 7 4 9 1 5 2
8 2 9 1 10 6 4 3 7 5
10 4 6 3 1 2 5 7 8 9
2 8 4 7 6 5 3 10 9 1
5 1 2 4 3 10 7 9 6 8
3 6 10 9 2 7 8 5 1 4
7 9 5 6 4 8 1 2 3 10
Backtracking Counted :  69364
Nodes : 138786
Time Taken 2.504281997680664

#BT+SDF
1 7 8 9 5 3 2 6 4 10
9 3 1 2 4 5 10 8 6 7
3 8 7 5 9 1 4 2 10 6
6 10 2 8 7 4 9 1 5 3
4 2 9 10 8 6 7 3 1 5
2 4 6 3 1 10 5 7 8 9
8 5 4 7 6 9 3 10 2 1
5 1 10 4 3 2 6 9 7 8
10 6 3 1 2 7 8 5 9 4
7 9 5 6 10 8 1 4 3 2
Backtracking counted :  65750
Nodes : 131557
Time Taken 2.9125852584838867

#BT+MaxDyanmicDegree
1 7 3 8 5 9 2 6 4 10
9 3 1 2 4 5 6 8 10 7
6 8 7 5 9 1 4 10 2 3
3 10 8 6 7 4 9 1 5 2
4 2 9 1 8 6 10 3 7 5
10 4 6 3 1 2 5 7 8 9
8 5 4 7 6 10 3 2 9 1
5 1 2 4 10 3 7 9 6 8
2 6 10 9 3 7 8 5 1 4
7 9 5 10 2 8 1 4 3 6
Backtracking counted for MaxDDegree :  1520
Nodes : 3097
Time Taken 1.5400378704071045

#BT+DomDynamicDegree
1 7 3 8 5 9 2 6 4 10
9 3 1 2 4 5 6 8 10 7
6 8 7 5 9 1 4 10 2 3
3 10 8 6 7 4 9 1 5 2
4 2 9 1 8 6 10 3 7 5
10 4 6 3 1 2 5 7 8 9
8 5 4 7 6 10 3 2 9 1
5 1 2 4 10 3 7 9 6 8
2 6 10 9 3 7 8 5 1 4
7 9 5 10 2 8 1 4 3 6
Backtracking counted for DomDDeg :  1416
Nodes : 2889
Time Taken 1.6538028717041016

#BT+Brelaz
1 7 8 9 5 3 2 6 4 10
9 3 1 2 4 5 10 8 6 7
3 8 7 5 9 1 4 2 10 6
6 10 2 8 7 4 9 1 5 3
4 2 9 10 8 6 7 3 1 5
2 4 6 3 1 10 5 7 8 9
8 5 4 7 6 9 3 10 2 1
5 1 10 4 3 2 6 9 7 8
10 6 3 1 2 7 8 5 9 4
7 9 5 6 10 8 1 4 3 2
Backtracking counted for Brelaz :  127762
Nodes : 255581
Time Taken 4.086475849151611

⬇️###For Input-3
#BT+Random
1 8 9 2 6 10 7 4 5 3
9 6 3 8 2 4 5 10 1 7
5 3 1 10 7 2 6 9 4 8
10 1 7 6 4 5 8 2 3 9
7 4 2 5 8 3 9 6 10 1
3 2 6 1 5 9 4 7 8 10
8 5 4 7 9 1 10 3 2 6
6 9 10 4 1 8 3 5 7 2
4 10 8 9 3 7 2 1 6 5
2 7 5 3 10 6 1 8 9 4
Backtracking Counted :  315993
Nodes : 632044
Time Taken 6.543355941772461

#BT+SDF
1 8 4 2 6 10 7 3 5 9
9 5 3 8 2 7 1 10 4 6
5 3 1 4 7 2 6 9 10 8
10 1 9 6 4 5 8 2 3 7
7 4 2 5 8 3 10 6 9 1
3 2 6 1 5 9 4 7 8 10
8 6 10 7 9 1 5 4 2 3
6 9 8 10 1 4 3 5 7 2
4 10 7 9 3 8 2 1 6 5
2 7 5 3 10 6 9 8 1 4
Backtracking counted :  246995
Nodes : 494047
Time Taken 5.410674810409546


#BT+MaxDyanmicDegree
1 8 9 2 6 10 7 4 5 3
9 6 3 8 2 4 5 10 1 7
5 3 1 10 7 2 6 9 4 8
10 1 7 6 4 5 8 2 3 9
7 4 2 5 8 3 9 6 10 1
3 2 6 1 5 9 4 7 8 10
8 5 4 7 9 1 10 3 2 6
6 9 10 4 1 8 3 5 7 2
4 10 8 9 3 7 2 1 6 5
2 7 5 3 10 6 1 8 9 4
Backtracking counted for MaxDDegree :  151011
Nodes : 302079
Time Taken 4.05778956413269

#BT+DomDynamicDegree
1 8 4 2 6 10 7 3 5 9
9 5 3 8 2 7 1 10 4 6
5 3 1 4 7 2 6 9 10 8
10 1 9 6 4 5 8 2 3 7
7 4 2 5 8 3 10 6 9 1
3 2 6 1 5 9 4 7 8 10
8 6 10 7 9 1 5 4 2 3
6 9 8 10 1 4 3 5 7 2
4 10 7 9 3 8 2 1 6 5
2 7 5 3 10 6 9 8 1 4
Backtracking counted for DomDDeg :  23947
Nodes : 47951
Time Taken 2.3520872592926025

#BT+Brelaz
1 8 4 2 6 10 7 3 5 9
9 5 3 8 2 7 1 10 4 6
5 3 1 4 7 2 6 9 10 8
10 1 9 6 4 5 8 2 3 7
7 4 2 5 8 3 10 6 9 1
3 2 6 1 5 9 4 7 8 10
8 6 10 7 9 1 5 4 2 3
6 9 8 10 1 4 3 5 7 2
4 10 7 9 3 8 2 1 6 5
2 7 5 3 10 6 9 8 1 4
Backtracking counted for Brelaz :  87565
Nodes : 175187
Time Taken 3.013827323913574

⬇️###For Input-4

#BT+Random
2 9 3 7 8 6 10 4 1 5
8 3 6 5 10 4 1 2 7 9
4 1 8 6 9 10 3 5 2 7
6 7 10 8 5 1 4 3 9 2
9 5 1 10 6 2 7 8 4 3
7 2 4 3 1 5 9 6 8 10
5 6 7 1 3 8 2 9 10 4
1 4 2 9 7 3 8 10 5 6
10 8 5 2 4 9 6 7 3 1
3 10 9 4 2 7 5 1 6 8
Backtracking Counted :  25786
Nodes : 51630
Time Taken 2.0210771560668945

#BT+SDF
2 9 3 5 7 6 8 4 1 10
3 6 5 2 10 4 1 8 7 9
4 1 8 6 9 10 3 7 2 5
8 7 10 3 5 1 4 2 9 6
9 5 1 8 6 2 7 10 4 3
5 3 4 10 1 7 9 6 8 2
6 2 7 1 3 8 5 9 10 4
1 4 2 9 8 5 10 3 6 7
10 8 6 7 4 9 2 5 3 1
7 10 9 4 2 3 6 1 5 8
Backtracking counted :  76343
Nodes : 152743
Time Taken 2.9979755878448486

#BT+MaxDyanmicDegree
2 9 3 5 7 6 8 4 1 10
3 6 5 2 10 4 1 8 7 9
4 1 8 6 9 10 3 7 2 5
8 7 10 3 5 1 4 2 9 6
9 5 1 8 6 2 7 10 4 3
5 3 4 10 1 7 9 6 8 2
6 2 7 1 3 8 5 9 10 4
1 4 2 9 8 5 10 3 6 7
10 8 6 7 4 9 2 5 3 1
7 10 9 4 2 3 6 1 5 8
Backtracking counted for MaxDDegree :  403997
Nodes : 808051
Time Taken 8.543166160583496

#BT+DomDynamicDegree
2 9 3 5 7 6 8 4 1 10
3 6 5 2 10 4 1 8 7 9
4 1 8 6 9 10 3 7 2 5
8 7 10 3 5 1 4 2 9 6
9 5 1 8 6 2 7 10 4 3
5 3 4 10 1 7 9 6 8 2
6 2 7 1 3 8 5 9 10 4
1 4 2 9 8 5 10 3 6 7
10 8 6 7 4 9 2 5 3 1
7 10 9 4 2 3 6 1 5 8
Backtracking counted for DomDDeg :  5006
Nodes : 10069
Time Taken 1.9884438514709473

#BT+Brelaz
2 9 3 5 7 6 8 4 1 10
3 6 5 2 10 4 1 8 7 9
4 1 8 6 9 10 3 7 2 5
8 7 10 3 5 1 4 2 9 6
9 5 1 8 6 2 7 10 4 3
5 3 4 10 1 7 9 6 8 2
6 2 7 1 3 8 5 9 10 4
1 4 2 9 8 5 10 3 6 7
10 8 6 7 4 9 2 5 3 1
7 10 9 4 2 3 6 1 5 8
Backtracking counted for Brelaz :  277534
Nodes : 555125
Time Taken 6.32789158821106

⬇️###For Input-5
#BT+Random
1 4 7 5 3 2 10 6 9 8
4 3 5 10 7 9 6 8 1 2
5 8 2 1 6 3 7 10 4 9
9 2 3 7 10 4 8 1 5 6
3 6 4 9 1 8 2 7 10 5
10 5 8 6 2 1 9 4 3 7
6 9 1 3 8 7 4 5 2 10
7 10 6 2 4 5 1 9 8 3
8 7 9 4 5 10 3 2 6 1
2 1 10 8 9 6 5 3 7 4
Backtracking Counted :  19364
Nodes : 38786
Time Taken 1.6772849559783936

#BT+SDF
1 4 7 5 3 9 10 6 2 8
4 3 5 10 7 2 6 8 1 9
6 8 2 7 4 3 9 10 5 1
5 2 3 4 10 8 7 1 9 6
3 7 6 9 1 4 8 2 10 5
10 5 8 6 2 1 4 9 3 7
9 6 1 3 8 7 2 5 4 10
7 10 9 2 6 5 1 3 8 4
8 9 4 1 5 10 3 7 6 2
2 1 10 8 9 6 5 4 7 3
Backtracking counted :  19305
Nodes : 38667
Time Taken 1.7380194664001465

#BT+MaxDyanmicDegree
1 4 7 5 3 2 10 6 9 8
4 3 5 10 7 1 6 8 2 9
5 8 2 7 6 3 9 10 1 4
9 2 3 1 10 4 8 7 5 6
3 6 4 9 1 8 7 2 10 5
10 5 8 6 2 9 4 1 3 7
6 1 9 3 8 7 2 5 4 10
7 10 6 2 9 5 1 4 8 3
8 7 1 4 5 10 3 9 6 2
2 9 10 8 4 6 5 3 7 1
Backtracking counted for MaxDDegree :  6238
Nodes : 12533
Time Taken 1.6379141807556152

#BT+DomDynamicDegree
1 4 7 5 3 2 10 6 9 8
4 3 5 10 7 1 6 8 2 9
5 8 2 7 6 3 9 10 1 4
9 2 3 1 10 4 8 7 5 6
3 6 4 9 1 8 7 2 10 5
10 5 8 6 2 9 4 1 3 7
6 1 9 3 8 7 2 5 4 10
7 10 6 2 9 5 1 4 8 3
8 7 1 4 5 10 3 9 6 2
2 9 10 8 4 6 5 3 7 1
Backtracking counted for DomDDeg :  6117
Nodes : 12291
Time Taken 1.7850420475006104

#BT+Brelaz
1 4 7 5 3 9 10 6 2 8
6 3 5 10 7 1 2 8 4 9
5 8 2 6 4 3 7 10 9 1
4 2 3 7 10 8 9 1 5 6
3 6 4 9 1 7 8 2 10 5
10 5 8 1 2 4 6 9 3 7
9 7 6 3 8 2 4 5 1 10
7 10 9 2 6 5 1 4 8 3
8 9 1 4 5 10 3 7 6 2
2 1 10 8 9 6 5 3 7 4
Backtracking counted for Brelaz :  1735
Nodes : 3527
Time Taken 1.4203178882598877


